-0.0010350914039885723 
-0.0017835647667044778 
-0.0012730460116782158 
-0.0017404602043799456 
-0.001121540506472789 
-0.0015915405420948885 
-0.0017621900276828392 
-0.0014482251548920708 
-0.0013880181313833254 
-0.001730917679074369 
-0.0017331534291503933 
-0.0016341209867283253 
-0.0010496898196835438 
-0.0015387505762114873 
-0.00127836493425664 
-0.0013534768718710562 
-0.0013802907669069775 
-0.0011842018261974015 
-0.0014008096665676603 
-0.001624940585885758 
-0.0015158927746320694 
-0.0013219817756661755 
-0.0010021158509179898 
-0.0010441399648759664 
-0.001573758751324745 
-0.0012385902766637136 
-0.0015324440923762256 
-0.0017803966535350055 
-0.0013825674281193663 
-0.001275408223081102 
